SPARC : 0.00238260097322562
COL1A1 : 0.00267708489036005
COL1A2 : 0.00477395507273054
CHAD : 0.006775091157497965
AMELX : 0.00802142327652625
BGN : 0.00911841534626964
OMD : 0.0160246445452579
CLEC3B : 0.0160428465530525
AMBN : 0.0172647112930833
COL17A1 : 0.0206480141132178
MMP20 : 0.0209254520257206
ALB : 0.0232297857413252
MFGE8 : 0.0241058409575537
SERPINF1 : 0.0290679712725598
ENAM : 0.0387501121703131
VTN : 0.0396194574000276
AMTN : 0.0493217685956214
AMELY : 0.0497891996645693
AHSG : 0.0499246982985447
